0.000000000000000000e+00 3.461613078346570394e+00 3.946396642257442799e+00 2.070896347634513468e+00 1.744491709889212760e+00 1.786348800012498739e+00 1.231055338015229594e+00 6.067172787036867465e-01 4.144904497750893313e+00 3.326824067705747012e-01 3.207831044731687786e+00 4.047453460632910449e+00 9.200510081373253213e-01 3.490286242236515069e+00 1.351041310148788810e+00 2.847472063726878666e+00 5.098362971289871481e-01 4.270577219182693618e+00 2.707796894436866442e+00 1.019531126165609258e+00
3.461613078346570394e+00 0.000000000000000000e+00 5.161300328882101329e-01 2.497672947304357960e-01 1.349639458825130367e+00 4.542675754598995752e+00 4.300139743414439941e+00 2.227593927238086247e-01 7.839569732304213501e-01 1.301575492892704800e+00 1.950038570706231322e+00 1.723683263416467160e+00 3.939646169127521524e+00 4.322397150272998978e+00 1.261833507522948761e+00 8.048571840780438524e-01 2.579285084842648956e+00 4.937170091017417661e-01 4.873701854275410916e+00 1.238664508811774256e+00
3.946396642257442799e+00 5.161300328882101329e-01 0.000000000000000000e+00 2.679482029577557878e+00 4.479431090980334318e+00 3.116800578959013635e+00 2.694155321708264328e+00 5.374706455304645303e-01 9.288101088704758812e-02 4.023772818716727429e+00 2.429953335484548838e+00 4.700537411666835474e+00 3.060155885224669525e+00 1.613404984183732349e+00 4.274489713487011677e+00 2.334400113816531785e+00 2.385704935248911696e+00 3.256521661704955051e+00 3.183022000009485986e+00 1.310865418864559651e+00
2.070896347634513468e+00 2.497672947304357960e-01 2.679482029577557878e+00 0.000000000000000000e+00 2.140455949356474541e+00 7.910621423278141329e-02 2.764109893428829512e+00 1.128546693039273574e+00 3.501107185961116475e-01 9.671714131166386785e-01 3.021552414599866232e+00 2.910070899735400118e+00 2.695463603687647813e-01 3.353943953937936318e+00 2.638573231543733133e+00 1.725860255776074936e+00 7.633582204658162507e-01 3.517584940763264889e+00 4.969565123052394284e+00 3.750862066489963897e+00
1.744491709889212760e+00 1.349639458825130367e+00 4.479431090980334318e+00 2.140455949356474541e+00 0.000000000000000000e+00 4.647186168718806520e+00 4.210154461798028436e+00 3.564944901913383202e+00 2.431725554685159274e+00 3.197304404399700761e+00 2.747739607542812657e+00 4.394159922059220236e+00 2.100968400005660985e+00 2.254369682066745817e+00 4.010805420022990120e+00 1.125199789070423062e+00 3.109031158702077580e+00 3.051204063233148300e+00 2.730354020714758079e+00 2.284876637178463898e+00
1.786348800012498739e+00 4.542675754598995752e+00 3.116800578959013635e+00 7.910621423278141329e-02 4.647186168718806520e+00 0.000000000000000000e+00 6.208665755995557145e-01 2.798584910270712101e+00 3.031647308266651741e+00 2.623351545618668457e+00 4.630907133532268460e+00 4.223672226961109111e+00 3.395344182827147783e+00 1.910513760157586116e+00 2.862442585958031582e+00 2.962559343828983671e+00 2.720050594069690852e+00 3.998076308680140301e+00 2.632129669527606630e+00 2.846471920554749513e-01
1.231055338015229594e+00 4.300139743414439941e+00 2.694155321708264328e+00 2.764109893428829512e+00 4.210154461798028436e+00 6.208665755995557145e-01 0.000000000000000000e+00 6.277990079557926872e-02 2.844257185432406576e+00 4.624039851996753825e+00 4.593667178168030496e+00 4.526961593543246565e+00 4.593008889887629564e+00 2.054056749610928101e+00 3.665712626437555688e+00 1.561349188509584707e+00 3.270686734853721411e+00 1.728560993581712557e-01 6.771395153608494866e-01 2.542581203051197836e+00
6.067172787036867465e-01 2.227593927238086247e-01 5.374706455304645303e-01 1.128546693039273574e+00 3.564944901913383202e+00 2.798584910270712101e+00 6.277990079557926872e-02 0.000000000000000000e+00 1.586812046610803772e+00 1.316483852435554880e+00 1.974378064617774431e+00 2.299401329084034717e+00 2.010124456787165670e-03 2.007397917347702787e+00 2.595058137320279013e+00 4.581527767341754043e+00 7.227277006232990519e-01 3.851193672774899657e+00 1.778525854919405624e+00 1.059800823218379762e+00
4.144904497750893313e+00 7.839569732304213501e-01 9.288101088704758812e-02 3.501107185961116475e-01 2.431725554685159274e+00 3.031647308266651741e+00 2.844257185432406576e+00 1.586812046610803772e+00 0.000000000000000000e+00 3.298054534201189103e-01 4.816312642203558703e+00 2.731734080101866358e+00 4.883795745155298462e+00 1.586919729791384626e+00 3.854419552509440017e+00 4.548177624757785864e+00 3.757639085676219182e+00 3.658643003697634732e+00 1.310928364818664260e-01 3.993021223801051178e+00
3.326824067705747012e-01 1.301575492892704800e+00 4.023772818716727429e+00 9.671714131166386785e-01 3.197304404399700761e+00 2.623351545618668457e+00 4.624039851996753825e+00 1.316483852435554880e+00 3.298054534201189103e-01 0.000000000000000000e+00 8.697783334023218016e-01 3.993017955760196802e+00 1.882901573728872346e+00 3.109596839601507234e+00 2.844289953523577719e+00 1.285591468910980861e+00 1.110245698999613451e+00 1.298491966491765570e+00 8.019758975982455018e-01 1.486656907536361150e+00
3.207831044731687786e+00 1.950038570706231322e+00 2.429953335484548838e+00 3.021552414599866232e+00 2.747739607542812657e+00 4.630907133532268460e+00 4.593667178168030496e+00 1.974378064617774431e+00 4.816312642203558703e+00 8.697783334023218016e-01 0.000000000000000000e+00 1.428594258670737860e+00 4.868917691791613045e+00 2.151236354106321969e+00 2.328549392959904374e+00 5.544565037201459878e-01 2.596759121830165107e+00 1.285346494110733317e+00 3.728185963537480330e+00 1.380300597725181433e-01
4.047453460632910449e+00 1.723683263416467160e+00 4.700537411666835474e+00 2.910070899735400118e+00 4.394159922059220236e+00 4.223672226961109111e+00 4.526961593543246565e+00 2.299401329084034717e+00 2.731734080101866358e+00 3.993017955760196802e+00 1.428594258670737860e+00 0.000000000000000000e+00 3.023580504870265084e+00 4.869010389636261316e+00 1.713444539766408869e+00 9.648136600955642406e-01 3.926480141108094735e+00 3.161516587150638991e+00 1.519984496439441557e-01 2.967162247323105184e+00
9.200510081373253213e-01 3.939646169127521524e+00 3.060155885224669525e+00 2.695463603687647813e-01 2.100968400005660985e+00 3.395344182827147783e+00 4.593008889887629564e+00 2.010124456787165670e-03 4.883795745155298462e+00 1.882901573728872346e+00 4.868917691791613045e+00 3.023580504870265084e+00 0.000000000000000000e+00 3.389004457171555629e+00 3.410467420835205932e-01 2.497920853394430374e+00 1.116521399590308938e-01 1.726487307955407724e+00 1.832715486218721601e+00 4.219202144655944231e+00
3.490286242236515069e+00 4.322397150272998978e+00 1.613404984183732349e+00 3.353943953937936318e+00 2.254369682066745817e+00 1.910513760157586116e+00 2.054056749610928101e+00 2.007397917347702787e+00 1.586919729791384626e+00 3.109596839601507234e+00 2.151236354106321969e+00 4.869010389636261316e+00 3.389004457171555629e+00 0.000000000000000000e+00 1.889620896640499259e+00 3.642928339872981258e+00 1.621812298630932458e+00 3.982943390036437492e+00 4.311731264190220791e+00 1.905080620311070838e+00
1.351041310148788810e+00 1.261833507522948761e+00 4.274489713487011677e+00 2.638573231543733133e+00 4.010805420022990120e+00 2.862442585958031582e+00 3.665712626437555688e+00 2.595058137320279013e+00 3.854419552509440017e+00 2.844289953523577719e+00 2.328549392959904374e+00 1.713444539766408869e+00 3.410467420835205932e-01 1.889620896640499259e+00 0.000000000000000000e+00 1.040972192043957412e+00 4.364611882000555276e+00 2.230731160017286108e+00 3.463388587536771368e+00 3.749291553630716756e+00
2.847472063726878666e+00 8.048571840780438524e-01 2.334400113816531785e+00 1.725860255776074936e+00 1.125199789070423062e+00 2.962559343828983671e+00 1.561349188509584707e+00 4.581527767341754043e+00 4.548177624757785864e+00 1.285591468910980861e+00 5.544565037201459878e-01 9.648136600955642406e-01 2.497920853394430374e+00 3.642928339872981258e+00 1.040972192043957412e+00 0.000000000000000000e+00 4.223548038010347838e+00 3.913747073920859521e+00 3.454710710330842538e+00 2.555707391485641189e+00
5.098362971289871481e-01 2.579285084842648956e+00 2.385704935248911696e+00 7.633582204658162507e-01 3.109031158702077580e+00 2.720050594069690852e+00 3.270686734853721411e+00 7.227277006232990519e-01 3.757639085676219182e+00 1.110245698999613451e+00 2.596759121830165107e+00 3.926480141108094735e+00 1.116521399590308938e-01 1.621812298630932458e+00 4.364611882000555276e+00 4.223548038010347838e+00 0.000000000000000000e+00 4.952358918119203146e+00 9.431840047765543966e-01 2.704759024810943213e+00
4.270577219182693618e+00 4.937170091017417661e-01 3.256521661704955051e+00 3.517584940763264889e+00 3.051204063233148300e+00 3.998076308680140301e+00 1.728560993581712557e-01 3.851193672774899657e+00 3.658643003697634732e+00 1.298491966491765570e+00 1.285346494110733317e+00 3.161516587150638991e+00 1.726487307955407724e+00 3.982943390036437492e+00 2.230731160017286108e+00 3.913747073920859521e+00 4.952358918119203146e+00 0.000000000000000000e+00 2.209521403742116696e+00 4.797171605308761855e+00
2.707796894436866442e+00 4.873701854275410916e+00 3.183022000009485986e+00 4.969565123052394284e+00 2.730354020714758079e+00 2.632129669527606630e+00 6.771395153608494866e-01 1.778525854919405624e+00 1.310928364818664260e-01 8.019758975982455018e-01 3.728185963537480330e+00 1.519984496439441557e-01 1.832715486218721601e+00 4.311731264190220791e+00 3.463388587536771368e+00 3.454710710330842538e+00 9.431840047765543966e-01 2.209521403742116696e+00 0.000000000000000000e+00 4.019804457493234118e+00
1.019531126165609258e+00 1.238664508811774256e+00 1.310865418864559651e+00 3.750862066489963897e+00 2.284876637178463898e+00 2.846471920554749513e-01 2.542581203051197836e+00 1.059800823218379762e+00 3.993021223801051178e+00 1.486656907536361150e+00 1.380300597725181433e-01 2.967162247323105184e+00 4.219202144655944231e+00 1.905080620311070838e+00 3.749291553630716756e+00 2.555707391485641189e+00 2.704759024810943213e+00 4.797171605308761855e+00 4.019804457493234118e+00 0.000000000000000000e+00
